              c.1      c.2      c.3     c.ar    c.cat      n.1      n.2      n.3      n.4     n.ar     n.am    n.pl3      o.2      o.3    o.co2     o.ar      s.2      s.3      s.o     s.o2     s.ar      p.3        f       cl       br        i       se       mg       sr       cu       mn       hg       cd       ni       zn       ca       fe    co.oh    dummy  solvent
     c.1        0 -119.400 -162.900 -179.100        0        0        0        0        0  157.100   60.540  -78.630 -198.300 -180.800   93.260        0        0        0        0        0        0        0        0        0        0        0        0        0        0        0        0        0        0        0        0        0        0        0        0  159.100
     c.2 -119.400        0  -69.110 -149.400  194.100  165.400  -88.780        0   36.970   15.810  -21.590  -61.990  -10.060   61.290   14.760        0 -115.000 -123.100   81.350        0        0   76.920 -186.100 -193.700        0   13.040        0  152.500        0        0  119.800        0  121.200        0  -40.540        0        0        0        0   61.750
     c.3 -162.900  -69.110        0  -53.320 -191.900  -71.640  -68.710        0   87.280  -63.970   26.900   -0.949  -50.230  -44.360  -30.770        0        0  -48.670 -121.800        0        0   -8.391  -74.040  -93.410        0 -157.600        0  131.200        0 -180.800        0        0        0        0   95.360        0        0        0        0   72.500
    c.ar -179.100 -149.400  -53.320        0 -183.900        0 -124.200        0   36.650  -18.300   23.980  -16.940   -5.605  -21.650   25.600        0 -135.600  -51.640  100.300        0        0  -58.990  -57.060  -25.050  -12.720        0        0        0        0        0        0        0        0        0  160.800        0        0        0        0   62.170
   c.cat        0  194.100 -191.900 -183.900        0        0 -161.800        0  174.800 -118.300  180.900  -83.100  195.900   67.990  -54.190        0        0 -167.900        0        0        0  167.700  -28.170        0 -190.100        0        0        0        0        0        0        0        0        0        0        0        0        0        0  120.300
     n.1        0  165.400  -71.640        0        0        0        0        0        0        0 -168.900        0        0  -71.740        0        0        0        0        0        0        0        0        0        0        0        0        0        0        0        0        0        0        0        0        0        0        0        0        0  167.200
     n.2        0  -88.780  -68.710 -124.200 -161.800        0        0        0   84.570  -55.800 -195.700 -122.300  -87.380 -144.800 -197.600        0        0   28.130        0        0        0        0        0        0        0        0        0        0        0        0        0        0        0        0        0        0        0        0        0  136.400
     n.3        0        0        0        0        0        0        0        0        0        0        0        0        0        0        0        0        0        0        0        0        0        0        0        0        0        0        0        0        0        0        0        0        0        0        0        0        0        0        0        0
     n.4        0   36.970   87.280   36.650  174.800        0   84.570        0        0  -16.350  160.200  160.400 -103.900 -101.800 -159.000        0        0  -66.400        0        0        0  143.000        0   45.570   50.170        0        0        0        0        0        0        0        0        0  158.900        0        0        0        0  147.100
    n.ar  157.100   15.810  -63.970  -18.300 -118.300        0  -55.800        0  -16.350        0 -157.300  -26.350  -86.640 -189.600 -125.300        0        0 -190.100 -169.000        0        0 -148.800    7.695   88.720  137.300        0        0        0        0        0        0        0        0        0        0        0        0        0        0  198.300
    n.am   60.540  -21.590   26.900   23.980  180.900 -168.900 -195.700        0  160.200 -157.300        0   86.550 -141.100  -70.050 -140.100        0        0   46.220   73.660        0        0 -117.900  -46.590   36.680        0        0        0  -61.630        0        0        0        0        0        0 -185.800        0        0        0        0  190.500
   n.pl3  -78.630  -61.990   -0.949  -16.940  -83.100        0 -122.300        0  160.400  -26.350   86.550        0  -81.100  -49.120 -127.700        0        0  -50.590  159.900        0        0   44.250  -28.990        0   -1.934        0        0   92.970        0        0   37.170        0        0        0        0        0        0        0        0  162.800
     o.2 -198.300  -10.060  -50.230   -5.605  195.900        0  -87.380        0 -103.900  -86.640 -141.100  -81.100        0  -33.000   52.000        0        0   27.660  170.400        0        0   61.460   51.700   19.200        0    9.606        0  -61.550        0        0        0        0        0        0 -182.100        0        0        0        0   33.990
     o.3 -180.800   61.290  -44.360  -21.650   67.990  -71.740 -144.800        0 -101.800 -189.600  -70.050  -49.120  -33.000        0  -95.080        0        0  -79.640  170.800        0        0 -163.400 -149.500        0        0        0        0   67.590   71.700        0        0        0        0        0 -186.700 -197.800        0        0        0   43.240
   o.co2   93.260   14.760  -30.770   25.600  -54.190        0 -197.600        0 -159.000 -125.300 -140.100 -127.700   52.000  -95.080        0        0        0   32.660  -77.560        0        0  101.400  187.500  -69.110        0        0        0 -194.700        0        0        0        0        0        0 -173.400  -68.340        0        0        0   29.560
    o.ar        0        0        0        0        0        0        0        0        0        0        0        0        0        0        0        0        0        0        0        0        0        0        0        0        0        0        0        0        0        0        0        0        0        0        0        0        0        0        0        0
     s.2        0 -115.000        0 -135.600        0        0        0        0        0        0        0        0        0        0        0        0        0        0        0        0        0        0        0        0        0        0        0        0        0        0        0        0        0        0        0        0        0        0        0        0
     s.3        0 -123.100  -48.670  -51.640 -167.900        0   28.130        0  -66.400 -190.100   46.220  -50.590   27.660  -79.640   32.660        0        0        0  103.900        0        0  -41.280    5.702 -167.500 -119.700        0        0        0        0        0        0        0        0        0 -153.700        0        0        0        0   94.930
     s.o        0   81.350 -121.800  100.300        0        0        0        0        0 -169.000   73.660  159.900  170.400  170.800  -77.560        0        0  103.900        0        0        0        0        0        0        0        0        0        0        0        0        0        0        0        0 -134.400        0        0        0        0 -176.200
    s.o2        0        0        0        0        0        0        0        0        0        0        0        0        0        0        0        0        0        0        0        0        0        0        0        0        0        0        0        0        0        0        0        0        0        0        0        0        0        0        0        0
    s.ar        0        0        0        0        0        0        0        0        0        0        0        0        0        0        0        0        0        0        0        0        0        0        0        0        0        0        0        0        0        0        0        0        0        0        0        0        0        0        0        0
     p.3        0   76.920   -8.391  -58.990  167.700        0        0        0  143.000 -148.800 -117.900   44.250   61.460 -163.400  101.400        0        0  -41.280        0        0        0        0        0        0        0        0        0 -163.000        0        0        0        0        0        0   89.370        0        0        0        0  134.700
       f        0 -186.100  -74.040  -57.060  -28.170        0        0        0        0    7.695  -46.590  -28.990   51.700 -149.500  187.500        0        0    5.702        0        0        0        0        0        0        0        0        0        0        0        0        0        0        0        0 -118.700        0        0        0        0    3.117
      cl        0 -193.700  -93.410  -25.050        0        0        0        0   45.570   88.720   36.680        0   19.200        0  -69.110        0        0 -167.500        0        0        0        0        0        0        0        0        0        0        0        0        0        0        0        0        0        0        0        0        0  198.800
      br        0        0        0  -12.720 -190.100        0        0        0   50.170  137.300        0   -1.934        0        0        0        0        0 -119.700        0        0        0        0        0        0        0        0        0        0        0        0        0        0        0        0        0        0        0        0        0  138.400
       i        0   13.040 -157.600        0        0        0        0        0        0        0        0        0    9.606        0        0        0        0        0        0        0        0        0        0        0        0        0        0        0        0        0        0        0        0        0        0        0        0        0        0        0
      se        0        0        0        0        0        0        0        0        0        0        0        0        0        0        0        0        0        0        0        0        0        0        0        0        0        0        0        0        0        0        0        0        0        0        0        0        0        0        0        0
      mg        0  152.500  131.200        0        0        0        0        0        0        0  -61.630   92.970  -61.550   67.590 -194.700        0        0        0        0        0        0 -163.000        0        0        0        0        0        0        0        0        0        0        0        0        0        0        0        0        0        0
      sr        0        0        0        0        0        0        0        0        0        0        0        0        0   71.700        0        0        0        0        0        0        0        0        0        0        0        0        0        0        0        0        0        0        0        0        0        0        0        0        0        0
      cu        0        0 -180.800        0        0        0        0        0        0        0        0        0        0        0        0        0        0        0        0        0        0        0        0        0        0        0        0        0        0        0        0        0        0        0        0        0        0        0        0        0
      mn        0  119.800        0        0        0        0        0        0        0        0        0   37.170        0        0        0        0        0        0        0        0        0        0        0        0        0        0        0        0        0        0        0        0        0        0        0        0        0        0        0        0
      hg        0        0        0        0        0        0        0        0        0        0        0        0        0        0        0        0        0        0        0        0        0        0        0        0        0        0        0        0        0        0        0        0        0        0        0        0        0        0        0        0
      cd        0  121.200        0        0        0        0        0        0        0        0        0        0        0        0        0        0        0        0        0        0        0        0        0        0        0        0        0        0        0        0        0        0        0        0        0        0        0        0        0        0
      ni        0        0        0        0        0        0        0        0        0        0        0        0        0        0        0        0        0        0        0        0        0        0        0        0        0        0        0        0        0        0        0        0        0        0        0        0        0        0        0        0
      zn        0  -40.540   95.360  160.800        0        0        0        0  158.900        0 -185.800        0 -182.100 -186.700 -173.400        0        0 -153.700 -134.400        0        0   89.370 -118.700        0        0        0        0        0        0        0        0        0        0        0        0        0        0        0        0        0
      ca        0        0        0        0        0        0        0        0        0        0        0        0        0 -197.800  -68.340        0        0        0        0        0        0        0        0        0        0        0        0        0        0        0        0        0        0        0        0        0        0        0        0        0
      fe        0        0        0        0        0        0        0        0        0        0        0        0        0        0        0        0        0        0        0        0        0        0        0        0        0        0        0        0        0        0        0        0        0        0        0        0        0        0        0        0
   co.oh        0        0        0        0        0        0        0        0        0        0        0        0        0        0        0        0        0        0        0        0        0        0        0        0        0        0        0        0        0        0        0        0        0        0        0        0        0        0        0        0
   dummy        0        0        0        0        0        0        0        0        0        0        0        0        0        0        0        0        0        0        0        0        0        0        0        0        0        0        0        0        0        0        0        0        0        0        0        0        0        0        0        0
 solvent  159.100   61.750   72.500   62.170  120.300  167.200  136.400        0  147.100  198.300  190.500  162.800   33.990   43.240   29.560        0        0   94.930 -176.200        0        0  134.700    3.117  198.800  138.400        0        0        0        0        0        0        0        0        0        0        0        0        0        0        0