c.1 0 8 -48.8899764795867
c.2 0 8 -20.4018323266702
c.3 0 8 -10.4949999026195
c.ar 0 8 -16.1054087075931
c.cat 0 8 -23.6761056853413
n.1 0 8 -12.4206187673773
n.2 0 8 -42.166840474453
n.3 0 8 -10000
n.4 0 8 -0.0443096394502565
n.ar 0 8 -27.7273427079254
n.am 0 8 -10.6202348863711
n.pl3 0 8 -9.79232155444271
o.2 0 8 -16.0915678705514
o.3 0 8 -13.6645978531922
o.co2 0 8 -12.4286956955556
o.ar 0 8 -10000
s.2 0 8 -15.1919063600303
s.3 0 8 -15.9969498302697
s.o 0 8 -7.97763438944145
s.o2 0 8 -10000
s.ar 0 8 -10000
p.3 0 8 -7.55042704249144
f 0 8 -23.0840747713403
cl 0 8 -24.6112920382904
br 0 8 -2.6359005873533
i 0 8 -24.725409969042
se 0 8 -10000
mg 0 8 1.59335829829737
sr 0 8 -0.550043151185101
cu 0 8 -29.5072330216082
mn 0 8 1.0068402668634
hg 0 8 -10000
cd 0 8 0.72804187233039
ni 0 8 -10000
zn 0 8 -15.7787986389359
ca 0 8 -6.44413153579366
fe 0 8 -10000
co.oh 0 8 -10000
dummy 0 8 -10000
solvent 0 8 8.63875967549842
