c.1 0 8 -58.5660318753098
c.2 0 8 -25.1423068744308
c.3 0 8 -12.8126170676466
c.ar 0 8 -19.2937470802664
c.cat 0 8 -32.0975555886592
n.1 0 8 -15.3115195283898
n.2 0 8 -50.0418097161677
n.3 0 8 -10000
n.4 0 8 -4.93235825477433
n.ar 0 8 -32.8519992896326
n.am 0 8 -14.192109014683
n.pl3 0 8 -12.2859704074514
o.2 0 8 -19.4480611437044
o.3 0 8 -16.1721048118259
o.co2 0 8 -15.2110914073463
o.ar 0 8 -10000
s.2 0 8 -19.0448088935965
s.3 0 8 -19.1049784034633
s.o 0 8 -13.2850995242068
s.o2 0 8 -10000
s.ar 0 8 -10000
p.3 0 8 -11.2811635691636
f 0 8 -28.183536331132
cl 0 8 -29.4392244829936
br 0 8 -3.79006128838364
i 0 8 -29.9432201172469
se 0 8 -10000
mg 0 8 -3.67222742142172
sr 0 8 -1.13803139955563
cu 0 8 -35.6628845105825
mn 0 8 -0.54594352009982
hg 0 8 -10000
cd 0 8 -0.836553836332203
ni 0 8 -10000
zn 0 8 -22.4760759185618
ca 0 8 -8.27322348968589
fe 0 8 -10000
co.oh 0 8 -10000
dummy 0 8 -10000
solvent 0 8 2.63977868268704
