c.1 0 8 -77.9181426667561
c.2 0 8 -34.6232559699518
c.3 0 8 -17.4478513977009
c.ar 0 8 -25.6704238256131
c.cat 0 8 -48.9404553952949
n.1 0 8 -21.0933210504147
n.2 0 8 -65.7917481995971
n.3 0 8 -10000
n.4 0 8 -14.7084554854225
n.ar 0 8 -43.1013124530471
n.am 0 8 -21.3358572713068
n.pl3 0 8 -17.2732681134688
o.2 0 8 -26.1610476900103
o.3 0 8 -21.1871187290933
o.co2 0 8 -20.7758828309278
o.ar 0 8 -10000
s.2 0 8 -26.7506139607289
s.3 0 8 -25.3210355498505
s.o 0 8 -23.9000297937375
s.o2 0 8 -10000
s.ar 0 8 -10000
p.3 0 8 -18.742636622508
f 0 8 -38.3824594507155
cl 0 8 -39.0950893724001
br 0 8 -6.09838269044432
i 0 8 -40.3788404136567
se 0 8 -10000
mg 0 8 -14.2033988608599
sr 0 8 -2.31400789629669
cu 0 8 -47.9741874885312
mn 0 8 -3.65151109402625
hg 0 8 -10000
cd 0 8 -3.96574525365739
ni 0 8 -10000
zn 0 8 -35.8706304778136
ca 0 8 -11.9314073974704
fe 0 8 -10000
co.oh 0 8 -10000
dummy 0 8 -10000
solvent 0 8 -9.35818330293571
