c.1 0 8 -56.8774669270537
c.2 0 8 -34.4605761748125
c.3 0 8 -17.902657954055
c.ar 0 8 -21.5909711651879
c.cat 0 8 -30.5663068820858
n.1 0 8 -14.7587206065548
n.2 0 8 -48.666632990837
n.3 0 8 10000
n.4 0 8 2.39917835627313
n.ar 0 8 -31.2227697338185
n.am 0 8 -8.99936200358911
n.pl3 0 8 -10.3439441115161
o.2 0 8 -15.8779036849893
o.3 0 8 -17.3651006519824
o.co2 0 8 -14.5304603947795
o.ar 0 8 10000
s.2 0 8 -18.1833738905287
s.3 0 8 -19.8758945852098
s.o 0 8 -9.48227119435747
s.o2 0 8 10000
s.ar 0 8 10000
p.3 0 8 -9.5154861750234
f 0 8 -27.2136046506338
cl 0 8 -28.5495341777809
br 0 8 -3.47790016318279
i 0 8 -29.4979040020914
se 0 8 10000
mg 0 8 3.76727294347472
sr 0 8 -0.584956010461516
cu 0 8 -35.100876806046
mn 0 8 1.5909022444731
hg 0 8 10000
cd 0 8 1.15452128785699
ni 0 8 10000
zn 0 8 -17.0524765586559
ca 0 8 -7.05184784200024
fe 0 8 10000
co.oh 0 8 10000
dummy 0 8 10000
solvent 0 8 13.5426090991827
