c.1 0 8 -29.5378656881405
c.2 0 8 -10.9208832311491
c.3 0 8 -5.85976557256534
c.ar 0 8 -9.72873196224647
c.cat 0 8 -6.83320587870554
n.1 0 8 -6.63881724535238
n.2 0 8 -26.4169019910236
n.3 0 8 -10000
n.4 0 8 9.73178759119788
n.ar 0 8 -17.4780295445109
n.am 0 8 -3.47648662974729
n.pl3 0 8 -4.80502384842533
o.2 0 8 -9.37858132424554
o.3 0 8 -8.64958393592477
o.co2 0 8 -6.8639042719741
o.ar 0 8 -10000
s.2 0 8 -7.48610129289796
s.3 0 8 -9.78089268388253
s.o 0 8 2.63729588008925
s.o2 0 8 -10000
s.ar 0 8 -10000
p.3 0 8 -0.0889539891470604
f 0 8 -12.8851516517568
cl 0 8 -14.9554271488839
br 0 8 -0.327579185292618
i 0 8 -14.2897896726322
se 0 8 -10000
mg 0 8 12.1245297377355
sr 0 8 0.62593334555596
cu 0 8 -17.1959300436595
mn 0 8 4.11240784078983
hg 0 8 -10000
cd 0 8 3.85723328965558
ni 0 8 -10000
zn 0 8 -2.38424407968404
ca 0 8 -2.7859476280092
fe 0 8 -10000
co.oh 0 8 -10000
dummy 0 8 -10000
solvent 0 8 20.6367216611212
