c.1 0 8 -77.1372527950062
c.2 0 8 -47.2643473868226
c.3 0 8 -24.0408062366531
c.ar 0 8 -28.8752240086718
c.cat 0 8 -50.4937108853768
n.1 0 8 -21.1491937938591
n.2 0 8 -64.7999680841646
n.3 0 8 10000
n.4 0 8 -8.74469672306204
n.ar 0 8 -42.017231468931
n.am 0 8 -16.9339861300006
n.pl3 0 8 -16.7640877609463
o.2 0 8 -22.1622196891875
o.3 0 8 -23.0489227401273
o.co2 0 8 -21.050939143609
o.ar 0 8 10000
s.2 0 8 -26.8774235169291
s.3 0 8 -26.8260355730813
s.o 0 8 -21.9191072424648
s.o2 0 8 10000
s.ar 0 8 10000
p.3 0 8 -18.4930114425102
f 0 8 -38.1891776761116
cl 0 8 -38.790655444883
br 0 8 -6.47965206149797
i 0 8 -41.0758126527664
se 0 8 10000
mg 0 8 -8.05632187332037
sr 0 8 -1.86314141882516
cu 0 8 -48.7009282066119
mn 0 8 -1.78154072615477
hg 0 8 10000
cd 0 8 -2.25798890157455
ni 0 8 10000
zn 0 8 -32.8427346893278
ca 0 8 -11.0133426781319
fe 0 8 10000
co.oh 0 8 10000
dummy 0 8 10000
solvent 0 8 1.0187785606408
