c.1 0 8 -68.242087271033
c.2 0 8 -29.8827814221913
c.3 0 8 -15.1302342326738
c.ar 0 8 -22.4820854529398
c.cat 0 8 -40.519005491977
n.1 0 8 -18.2024202894023
n.2 0 8 -57.9167789578824
n.3 0 8 -10000
n.4 0 8 -9.8204068700984
n.ar 0 8 -37.9766558713398
n.am 0 8 -17.7639831429949
n.pl3 0 8 -14.7796192604601
o.2 0 8 -22.8045544168573
o.3 0 8 -18.6796117704596
o.co2 0 8 -17.9934871191371
o.ar 0 8 -10000
s.2 0 8 -22.8977114271627
s.3 0 8 -22.2130069766569
s.o 0 8 -18.5925646589722
s.o2 0 8 -10000
s.ar 0 8 -10000
p.3 0 8 -15.0119000958358
f 0 8 -33.2829978909237
cl 0 8 -34.2671569276969
br 0 8 -4.94422198941398
i 0 8 -35.1610302654518
se 0 8 -10000
mg 0 8 -8.93781314114081
sr 0 8 -1.72601964792616
cu 0 8 -41.8185359995569
mn 0 8 -2.09872730706304
hg 0 8 -10000
cd 0 8 -2.4011495449948
ni 0 8 -10000
zn 0 8 -29.1733531981877
ca 0 8 -10.1023154435781
fe 0 8 -10000
co.oh 0 8 -10000
dummy 0 8 -10000
solvent 0 8 -3.35920231012433
