c.1 0 8 -39.2139210838636
c.2 0 8 -15.6613577789097
c.3 0 8 -8.17738273759245
c.ar 0 8 -12.9170703349198
c.cat 0 8 -15.2546557820234
n.1 0 8 -9.52971800636485
n.2 0 8 -34.2918712327383
n.3 0 8 -10000
n.4 0 8 4.84373897587381
n.ar 0 8 -22.6026861262181
n.am 0 8 -7.04836075805919
n.pl3 0 8 -7.29867270143402
o.2 0 8 -12.7350745973985
o.3 0 8 -11.1570908945585
o.co2 0 8 -9.64629998376484
o.ar 0 8 -10000
s.2 0 8 -11.3390038264641
s.3 0 8 -12.8889212570761
s.o 0 8 -2.6701692546761
s.o2 0 8 -10000
s.ar 0 8 -10000
p.3 0 8 -3.81969051581925
f 0 8 -17.9846132115485
cl 0 8 -19.7833595935871
br 0 8 -1.48173988632296
i 0 8 -19.5075998208371
se 0 8 -10000
mg 0 8 6.85894401801646
sr 0 8 0.0379450971854296
cu 0 8 -23.3515815326338
mn 0 8 2.55962405382661
hg 0 8 -10000
cd 0 8 2.29263758099298
ni 0 8 -10000
zn 0 8 -9.08152135930995
ca 0 8 -4.61503958190143
fe 0 8 -10000
co.oh 0 8 -10000
dummy 0 8 -10000
solvent 0 8 14.6377406683098
