c.1 0 8 10000
c.2 0 8 10000
c.3 0 8 10000
c.ar 0 8 10000
c.cat 0 8 10000
n.1 0 8 10000
n.2 0 8 10000
n.3 0 8 10000
n.4 0 8 10000
n.ar 0 8 10000
n.am 0 8 10000
n.pl3 0 8 10000
o.2 0 8 10000
o.3 0 8 10000
o.co2 0 8 10000
o.ar 0 8 10000
s.2 0 8 10000
s.3 0 8 10000
s.o 0 8 10000
s.o2 0 8 10000
s.ar 0 8 10000
p.3 0 8 10000
f 0 8 10000
cl 0 8 10000
br 0 8 10000
i 0 8 10000
se 0 8 10000
mg 0 8 10000
sr 0 8 10000
cu 0 8 10000
mn 0 8 10000
hg 0 8 10000
cd 0 8 10000
ni 0 8 10000
zn 0 8 10000
ca 0 8 10000
fe 0 8 10000
co.oh 0 8 10000
dummy 0 8 10000
solvent 0 8 10000