0
-3.63
-4.51
-4.14
0
0
1.98
0
1.78
0.98
3.19
0
-3.01
0
4.43
0
0
1.78
0
0
0
0
4.03
0
0
0
0
0
0
0
0
0
0
0
0
0
0
0
0
4.79
-4.97
-3.00
-4.00
-4.50
4.87
-4.80
0
3.00
4.69
2.00
4.06
2.00
-4.12
3.00
0
-4.07
-4.92
-4.37
0
0
4.79
-3.01
-4.76
-3.81
0
0
1.84
0
0
0
0
4.07
0
-4.17
0
0
0
0
2.29
-4.00
-3.00
3.00
-1.97
4.11
0
3.00
5.00
2.00
5.00
3.00
3.00
5.00
0
3.74
-3.00
4.03
0
0
4.69
-2.62
-3.20
-3.36
0
0
4.21
0
0
4.68
0
3.41
-4.42
4.97
3.90
0
2.99
0
0.25
-5.00
-3.00
4.59
4.14
0
3.00
-2.00
3.00
4.00
4.00
4.00
4.00
0
0
-3.00
-3.62
0
0
3.40
-4.93
-3.02
-4.63
0
0
3.12
0
0
0
0
0
0
4.92
0
0
0
0
-1.07
0
0
0.68
0
3.00
1.83
2.00
-2.38
2.00
4.90
4.93
0
0
-4.96
0
0
0
2.64
-3.71
-2.58
0
0
0
0
0
0
0
0
0
0
0
0
0
0
0
4.79
0
4.57
0
1.57
0
-1.94
0
0
-2.09
3.63
0
0
3.75
0
0
0
0
0
0
0
0
0
0
0
0
0
0
0
0
0
0
0
0
0
4.71
-4.50
0
0
4.70
-4.93
-4.74
4.80
4.78
1.78
0
0
-1.02
0
0
0
4.89
-0.87
0
0.48
0
0
0
0
0
0
0
0
0
-3.13
0
0
0
0
1.04
0
0
0
0
0
0
0
0
0
0
0
0
0
0
0
0
0
0
0
0
0
0
0
0
0
0
0
0
0
0
0
0
0
4.00
3.00
3.00
3.00
-4.00
-2.00
-5.00
0
0
3.00
0.96
0
0
4.27
4.17
4.18
3.18
0
0
0
0
0
0
0
0
0
-2.83
0
0
0
0
3.98
-2.47
-4.00
5.00
-2.00
-3.63
-2.00
0
0
-4.71
0
0
0
0
4.07
-2.00
4.40
0
0
0
0
0
0
0
0
0
0
0
0
0
0
4.38
3.00
3.00
-5.00
-4.00
-3.00
0
2.47
3.00
4.93
0
0
-2.26
-0.59
-1.64
4.66
0
0
0
0
0
0
0
0
0
-4.80
3.76
0
0
0
4.83
4.93
-3.00
-3.42
-3.00
0
0
-0.76
2.53
0
0
-4.76
1.49
0
-4.17
0
0
3.56
0
0
0
0
0
0
0
0
0
0
0
0.04
3.00
-4.00
3.00
0
3.83
3.00
1.11
0
0
4.55
-0.94
-4.26
0
0
0
0
0
0
0
0
0
0
-4.79
0
0
0
0
-1.23
-0.29
-2.00
0
-1.84
3.05
-2.04
0
0
3.60
-2.62
-0.38
4.39
0
0
-3.79
0
0
-1.72
0
0
0
-4.71
-3.98
0
0
0
0.90
5.00
0
2.48
3.00
-4.82
0
0
-4.91
2.57
-3.45
3.14
0
0
-4.50
0
0.76
0
0
-4.46
0
-2.08
0
0
0
0
0.76
0
0
0
0
0
0
0
0
0
0
0
0
0
0
0
0
0
0
0
0
0
0
0
0
0
0
0
0
0
0
0
0
0
0
0
0
0
0
0
0
0
0
0
0
0
0
0
0
1.91
-4.78
0
0
0
0
-4.11
-3.52
0
-4.30
0
0
0
0
0
0
0
0
-4.33
0
0
0
0
1.67
0
0
0
0
0
0
0
0
0
0
0
0
0
0
0
0
0
0
0
0
0
-3.90
0
0
0
0
0
0
0
0
0
0
0
0
0
0
0
0
0
0
0
0
0
0
0
0
0
0
0
0
0
0
0
0
0
0
0
0
0
0
0
0
0
0
0
0
0
0
0
3.82
0
0
0
0
0
0
0
0
0
0
0
4.95
2.23
3.71
0
0
0
0
0
0
0
0
0
0
0
0
0
0
0
0.30
0
0
0
0
0
0
0
0
0
0
0
0
0
0
0
0
0.09
1.47
0
0
0
0
0
0
0
0
0
0
0
0
0
0
0.39
0
0
0
0
0
0
0
0
0
0
0
0
0
0
0
0
0
0
0
0
0
0
0
0
0
0
0
0
0
0
0
0
0
0
0
0
0
0
0
0
0
0
0
0
0
0
0
0
0
0
0
0
0
0
0
0
0
0
0
0
0
0
0
0
0
0
0
0
0
0
0
0
0
0
0
0
0
0
0
0
0
0
0
0
0
0
0
0
0
0
0
0
0
0
0
0
0
0
0
0
0
0
0
0
0
0
0
0
0
0
0
0
0
0
0
0
0
0
0
0
